function cm=Mcolormap()  
cm=[0.1922    0.2118    0.5686
    0.1958    0.2213    0.5743
    0.1994    0.2309    0.5799
    0.2030    0.2405    0.5856
    0.2066    0.2500    0.5912
    0.2102    0.2596    0.5969
    0.2138    0.2692    0.6025
    0.2174    0.2787    0.6082
    0.2210    0.2883    0.6138
    0.2246    0.2979    0.6195
    0.2282    0.3075    0.6251
    0.2318    0.3170    0.6307
    0.2355    0.3266    0.6364
    0.2391    0.3362    0.6420
    0.2427    0.3457    0.6477
    0.2463    0.3553    0.6533
    0.2499    0.3649    0.6590
    0.2535    0.3744    0.6646
    0.2571    0.3840    0.6703
    0.2607    0.3936    0.6759
    0.2643    0.4031    0.6816
    0.2679    0.4127    0.6872
    0.2715    0.4223    0.6929
    0.2751    0.4318    0.6985
    0.2787    0.4414    0.7042
    0.2824    0.4510    0.7098
    0.2888    0.4597    0.7142
    0.2953    0.4685    0.7186
    0.3018    0.4772    0.7229
    0.3083    0.4860    0.7273
    0.3148    0.4947    0.7317
    0.3213    0.5035    0.7360
    0.3278    0.5122    0.7404
    0.3342    0.5210    0.7448
    0.3407    0.5297    0.7492
    0.3472    0.5385    0.7535
    0.3537    0.5472    0.7579
    0.3602    0.5560    0.7623
    0.3667    0.5647    0.7667
    0.3732    0.5735    0.7710
    0.3796    0.5822    0.7754
    0.3861    0.5910    0.7798
    0.3926    0.5997    0.7842
    0.3991    0.6084    0.7885
    0.4056    0.6172    0.7929
    0.4121    0.6259    0.7973
    0.4186    0.6347    0.8017
    0.4250    0.6434    0.8060
    0.4315    0.6522    0.8104
    0.4380    0.6609    0.8148
    0.4445    0.6697    0.8192
    0.4510    0.6784    0.8235
    0.4598    0.6853    0.8271
    0.4685    0.6922    0.8307
    0.4773    0.6991    0.8344
    0.4861    0.7060    0.8380
    0.4949    0.7129    0.8416
    0.5037    0.7198    0.8452
    0.5125    0.7267    0.8488
    0.5213    0.7336    0.8524
    0.5300    0.7405    0.8560
    0.5388    0.7475    0.8596
    0.5476    0.7544    0.8632
    0.5564    0.7613    0.8668
    0.5652    0.7682    0.8704
    0.5740    0.7751    0.8740
    0.5827    0.7820    0.8776
    0.5915    0.7889    0.8813
    0.6003    0.7958    0.8849
    0.6091    0.8027    0.8885
    0.6179    0.8096    0.8921
    0.6267    0.8165    0.8957
    0.6355    0.8234    0.8993
    0.6442    0.8303    0.9029
    0.6530    0.8372    0.9065
    0.6618    0.8441    0.9101
    0.6706    0.8510    0.9137
    0.6750    0.8540    0.9155
    0.6793    0.8570    0.9173
    0.6837    0.8600    0.9192
    0.6881    0.8630    0.9210
    0.6925    0.8661    0.9228
    0.6968    0.8691    0.9246
    0.7012    0.8721    0.9264
    0.7056    0.8751    0.9282
    0.7100    0.8781    0.9300
    0.7143    0.8811    0.9318
    0.7187    0.8842    0.9336
    0.7231    0.8872    0.9354
    0.7275    0.8902    0.9373
    0.7318    0.8932    0.9391
    0.7362    0.8962    0.9409
    0.7406    0.8992    0.9427
    0.7449    0.9023    0.9445
    0.7493    0.9053    0.9463
    0.7537    0.9083    0.9481
    0.7581    0.9113    0.9499
    0.7624    0.9143    0.9517
    0.7668    0.9173    0.9535
    0.7712    0.9204    0.9554
    0.7756    0.9234    0.9572
    0.7799    0.9264    0.9590
    0.7843    0.9294    0.9608
    0.7929    0.9322    0.9624
    0.8016    0.9351    0.9639
    0.8102    0.9379    0.9655
    0.8188    0.9407    0.9671
    0.8275    0.9435    0.9686
    0.8361    0.9464    0.9702
    0.8447    0.9492    0.9718
    0.8533    0.9520    0.9733
    0.8620    0.9548    0.9749
    0.8706    0.9576    0.9765
    0.8792    0.9605    0.9780
    0.8878    0.9633    0.9796
    0.8965    0.9661    0.9812
    0.9051    0.9689    0.9827
    0.9137    0.9718    0.9843
    0.9224    0.9746    0.9859
    0.9310    0.9774    0.9875
    0.9396    0.9802    0.9890
    0.9482    0.9831    0.9906
    0.9569    0.9859    0.9922
    0.9655    0.9887    0.9937
    0.9741    0.9915    0.9953
    0.9827    0.9944    0.9969
    0.9914    0.9972    0.9984
    1.0000    1.0000    1.0000
    1.0000    1.0000    0.9900
    1.0000    1.0000    0.9801
    1.0000    1.0000    0.9701
    1.0000    1.0000    0.9602
    1.0000    1.0000    0.9502
    1.0000    1.0000    0.9403
    1.0000    1.0000    0.9303
    1.0000    1.0000    0.9204
    1.0000    1.0000    0.9104
    1.0000    1.0000    0.9005
    1.0000    1.0000    0.8905
    1.0000    1.0000    0.8805
    1.0000    1.0000    0.8706
    1.0000    1.0000    0.8606
    1.0000    1.0000    0.8507
    1.0000    1.0000    0.8407
    1.0000    1.0000    0.8308
    1.0000    1.0000    0.8208
    1.0000    1.0000    0.8109
    1.0000    1.0000    0.8009
    1.0000    1.0000    0.7910
    1.0000    1.0000    0.7810
    1.0000    1.0000    0.7710
    1.0000    1.0000    0.7611
    1.0000    1.0000    0.7511
    1.0000    1.0000    0.7412
    0.9992    0.9870    0.7261
    0.9984    0.9740    0.7111
    0.9976    0.9609    0.6960
    0.9969    0.9479    0.6809
    0.9961    0.9349    0.6659
    0.9953    0.9219    0.6508
    0.9945    0.9089    0.6358
    0.9937    0.8958    0.6207
    0.9929    0.8828    0.6056
    0.9922    0.8698    0.5906
    0.9914    0.8568    0.5755
    0.9906    0.8438    0.5605
    0.9898    0.8307    0.5454
    0.9890    0.8177    0.5304
    0.9882    0.8047    0.5153
    0.9875    0.7917    0.5002
    0.9867    0.7787    0.4852
    0.9859    0.7656    0.4701
    0.9851    0.7526    0.4551
    0.9843    0.7396    0.4400
    0.9835    0.7266    0.4249
    0.9827    0.7136    0.4099
    0.9820    0.7005    0.3948
    0.9812    0.6875    0.3798
    0.9804    0.6745    0.3647
    0.9798    0.6652    0.3609
    0.9792    0.6558    0.3572
    0.9786    0.6465    0.3534
    0.9780    0.6371    0.3496
    0.9774    0.6278    0.3459
    0.9768    0.6184    0.3421
    0.9762    0.6090    0.3383
    0.9756    0.5997    0.3345
    0.9750    0.5903    0.3308
    0.9744    0.5810    0.3270
    0.9738    0.5716    0.3232
    0.9732    0.5623    0.3195
    0.9725    0.5529    0.3157
    0.9719    0.5436    0.3119
    0.9713    0.5342    0.3081
    0.9707    0.5249    0.3044
    0.9701    0.5155    0.3006
    0.9695    0.5062    0.2968
    0.9689    0.4968    0.2931
    0.9683    0.4875    0.2893
    0.9677    0.4781    0.2855
    0.9671    0.4688    0.2817
    0.9665    0.4594    0.2780
    0.9659    0.4501    0.2742
    0.9653    0.4407    0.2704
    0.9647    0.4314    0.2667
    0.9600    0.4216    0.2615
    0.9553    0.4119    0.2563
    0.9506    0.4022    0.2511
    0.9459    0.3925    0.2460
    0.9412    0.3827    0.2408
    0.9365    0.3730    0.2356
    0.9318    0.3633    0.2304
    0.9271    0.3536    0.2253
    0.9224    0.3438    0.2201
    0.9176    0.3341    0.2149
    0.9129    0.3244    0.2097
    0.9082    0.3147    0.2045
    0.9035    0.3049    0.1994
    0.8988    0.2952    0.1942
    0.8941    0.2855    0.1890
    0.8894    0.2758    0.1838
    0.8847    0.2660    0.1787
    0.8800    0.2563    0.1735
    0.8753    0.2466    0.1683
    0.8706    0.2369    0.1631
    0.8659    0.2271    0.1580
    0.8612    0.2174    0.1528
    0.8565    0.2077    0.1476
    0.8518    0.1980    0.1424
    0.8471    0.1882    0.1373
    0.8395    0.1810    0.1377
    0.8320    0.1738    0.1382
    0.8244    0.1665    0.1386
    0.8169    0.1593    0.1391
    0.8094    0.1520    0.1395
    0.8018    0.1448    0.1400
    0.7943    0.1376    0.1404
    0.7867    0.1303    0.1409
    0.7792    0.1231    0.1413
    0.7716    0.1158    0.1418
    0.7641    0.1086    0.1422
    0.7566    0.1014    0.1427
    0.7490    0.0941    0.1431
    0.7415    0.0869    0.1436
    0.7339    0.0796    0.1440
    0.7264    0.0724    0.1445
    0.7189    0.0652    0.1449
    0.7113    0.0579    0.1454
    0.7038    0.0507    0.1459
